Ellpsometry  Data
6/1/2023
12:43 PM
Number of Zones
1
27.800000	24.437128	69.340051
27.800000	24.447559	69.327369
27.800000	24.448708	69.329743
27.850000	24.442943	69.335035
28.000000	24.446626	69.334078
28.250000	24.444388	69.332054
28.450000	24.447751	69.335354
28.500000	24.452386	69.350429
28.500000	24.441501	69.310396
28.500000	24.442840	69.357269
28.500000	24.447774	69.360191
28.500000	24.441390	69.342865
28.500000	24.442508	69.344248
28.500000	24.448627	69.346225
28.500000	24.440994	69.365562
28.500000	24.444570	69.356680
28.650000	24.437781	69.352942
28.900000	24.443218	69.355718
29.050000	24.448996	69.356639
29.100000	24.445218	69.350261
29.150000	24.443007	69.350909
29.150000	24.447570	69.337471
29.100000	24.446420	69.343243
29.100000	24.449337	69.352871
29.250000	24.440644	69.349546
29.500000	24.438843	69.367957
29.650000	24.453216	69.359294
29.700000	24.445387	69.352640
29.700000	24.445214	69.346057
29.700000	24.442047	69.362041
29.700000	24.444064	69.355238
29.700000	24.448304	69.357820
29.700000	24.442710	69.335744
29.850000	24.441944	69.345136
30.100000	24.451114	69.360817
30.250000	24.441415	69.359426
30.300000	24.440908	69.371057
30.300000	24.442287	69.354103
30.300000	24.446274	69.343462
30.250000	24.447923	69.359019
30.200000	24.447300	69.339300
30.200000	24.441992	69.339520
30.200000	24.440910	69.397077
30.350000	24.443198	69.350264
31.050000	24.438819	69.362217
32.600000	24.445149	69.399967
34.550000	24.451970	69.366254
36.150000	24.460601	69.372612
37.200000	24.457446	69.365323
38.100000	24.454213	69.373444
39.200000	24.459310	69.421526
40.500000	24.465179	69.416293
41.850000	24.466487	69.395912
43.100000	24.470973	69.406297
44.250000	24.472122	69.412605
45.350000	24.474164	69.426335
46.500000	24.478909	69.413696
47.800000	24.478081	69.400524
49.050000	24.486434	69.420155
50.250000	24.488156	69.457397
51.400000	24.491321	69.444612
52.600000	24.489720	69.464516
53.800000	24.499808	69.454364
55.000000	24.508401	69.470391
56.200000	24.501552	69.491547
57.400000	24.500753	69.477852
58.600000	24.525631	69.469249
59.800000	24.536077	69.473446
61.000000	24.534295	69.487170
62.200000	24.548333	69.523575
63.400000	24.557429	69.492324
64.600000	24.570958	69.493604
65.800000	24.567066	69.497174
67.000000	24.588292	69.470019
68.200000	24.596784	69.504151
69.400000	24.603293	69.514919
70.600000	24.613087	69.512463
71.800000	24.624047	69.523134
73.000000	24.630995	69.502375
74.200000	24.634282	69.561509
75.400000	24.644782	69.530804
76.600000	24.651170	69.554014
77.850000	24.673901	69.534927
79.100000	24.681194	69.558068
80.300000	24.695019	69.549424
81.500000	24.690585	69.573263
82.700000	24.696719	69.586721
83.900000	24.708603	69.576188
85.200000	24.722785	69.573862
86.400000	24.733376	69.562042
87.600000	24.743924	69.587577
88.800000	24.760080	69.601604
90.000000	24.758889	69.595107
91.250000	24.775983	69.591977
92.500000	24.775706	69.585971
93.700000	24.783945	69.615925
94.950000	24.797298	69.618091
96.200000	24.804439	69.617342
97.400000	24.818106	69.596403
98.600000	24.837820	69.633337
99.800000	24.843149	69.657594
101.050000	24.854202	69.628765
102.300000	24.852866	69.633199
103.500000	24.875211	69.674243
104.700000	24.883811	69.693307
105.900000	24.896002	69.694146
107.100000	24.891704	69.686246
108.300000	24.910837	69.749971
109.550000	24.918616	69.693794
110.850000	24.918244	69.703826
112.100000	24.938709	69.728469
113.300000	24.950760	69.759565
114.500000	24.950924	69.767459
115.700000	24.953903	69.697956
116.900000	24.972250	69.733973
118.150000	24.987577	69.731209
119.400000	25.000734	69.751290
120.600000	25.010869	69.775432
121.800000	25.031852	69.802202
123.000000	25.027759	69.838237
124.200000	25.032473	69.799788
125.450000	25.036557	69.776529
126.700000	25.053903	69.834990
127.900000	25.070947	69.797737
129.100000	25.071708	69.801248
130.300000	25.080591	69.754696
131.550000	25.079655	69.797494
132.800000	25.113428	69.823597
134.000000	25.101048	69.822878
135.250000	25.115321	69.836356
136.500000	25.148549	69.851139
137.700000	25.137856	69.954878
138.900000	25.174507	69.854235
140.100000	25.166779	69.846374
141.350000	25.190551	69.883418
142.600000	25.182591	69.906743
143.800000	25.194496	69.874919
145.050000	25.207731	69.896826
146.300000	25.228919	70.000402
147.450000	25.243204	69.912849
148.600000	25.300635	69.991531
149.750000	25.235621	69.955289
150.450000	25.251633	69.906296
150.500000	25.283656	69.824557
150.200000	25.253985	69.948072
149.850000	25.229950	69.936176
149.700000	25.232247	69.925558
149.750000	25.251589	69.948752
149.900000	25.247473	69.927344
150.050000	25.233081	69.913040
150.100000	25.251027	69.897087
149.800000	25.243341	69.935804
149.050000	25.231074	69.934754
148.050000	25.206473	69.887212
146.900000	25.203587	69.890947
145.700000	25.221329	69.925280
144.550000	25.204401	69.845207
143.450000	25.184488	69.919565
142.300000	25.192512	69.935300
141.150000	25.153114	69.902411
140.050000	25.152611	69.863776
138.950000	25.132998	69.838768
137.900000	25.138231	69.877090
136.850000	25.121561	69.862835
135.800000	25.128687	69.845585
134.800000	25.104356	69.871370
133.800000	25.098873	69.833813
132.800000	25.072084	69.831158
131.800000	25.065743	69.783467
130.800000	25.075851	69.817150
129.800000	25.055839	69.843635
128.850000	25.060201	69.810991
127.950000	25.060174	69.865147
127.000000	25.039643	69.873683
126.050000	25.024010	69.813130
125.100000	24.996272	69.846254
124.100000	25.001177	69.817327
123.150000	25.003830	69.840702
122.250000	25.010086	69.808549
121.400000	24.998327	69.795890
120.550000	24.989955	69.794237
119.650000	24.961847	69.805713
118.800000	24.958275	69.866954
118.000000	24.959110	69.809047
117.150000	24.964096	69.811738
116.300000	24.951891	69.816169
115.500000	24.945039	69.766321
114.700000	24.940912	69.785728
113.900000	24.933260	69.817567
113.150000	24.931301	69.747536
112.400000	24.915884	69.769489
111.600000	24.892339	69.732778
110.850000	24.912992	69.755903
110.100000	24.898614	69.750872
109.350000	24.881948	69.755820
108.650000	24.886107	69.744767
107.900000	24.888408	69.738519
107.200000	24.871413	69.738622
106.550000	24.873225	69.740855
105.850000	24.866092	69.726748
105.150000	24.858310	69.741652
104.450000	24.842084	69.742345
103.750000	24.855621	69.649408
103.050000	24.835665	69.705180
102.350000	24.823778	69.652427
101.650000	24.817675	69.671474
100.950000	24.830042	69.701055
100.200000	24.806688	69.679429
98.850000	24.758783	69.616792
96.750000	24.731049	69.618313
94.500000	24.695645	69.571916
92.350000	24.684626	69.614082
90.250000	24.682941	69.563768
88.200000	24.648322	69.554234
86.200000	24.636236	69.527724
84.300000	24.632254	69.543350
82.450000	24.617248	69.523914
80.650000	24.604697	69.515674
78.900000	24.597379	69.478296
77.200000	24.572734	69.495778
75.600000	24.574363	69.503682
74.000000	24.550318	69.447157
72.450000	24.540850	69.439445
70.950000	24.526736	69.443667
69.500000	24.519926	69.445807
68.100000	24.519859	69.449960
66.750000	24.503475	69.434693
65.450000	24.491108	69.436794
64.200000	24.499746	69.413027
63.000000	24.481465	69.412116
61.800000	24.471564	69.374898
60.650000	24.479716	69.424601
59.550000	24.466534	69.399246
58.450000	24.463175	69.419159
57.400000	24.445637	69.404221
56.400000	24.446094	69.419582
55.450000	24.444092	69.404032
54.550000	24.444176	69.382353
53.650000	24.443941	69.389282
52.750000	24.455712	69.319037
51.900000	24.445385	69.356176
51.100000	24.448957	69.376881
50.300000	24.437453	69.328798
49.500000	24.433451	69.337201
48.750000	24.437819	69.338307
48.050000	24.428922	69.336048
47.350000	24.427723	69.366168
46.700000	24.427038	69.338473
46.050000	24.434603	69.326567
45.400000	24.425979	69.349434
44.800000	24.416223	69.357073
44.200000	24.416093	69.324821
43.650000	24.426557	69.329355
43.150000	24.417828	69.326339
42.600000	24.411097	69.343777
42.050000	24.418037	69.328816
41.600000	24.416707	69.318834
41.100000	24.423572	69.321504
40.650000	24.408801	69.344027
40.200000	24.410767	69.287702
39.800000	24.408718	69.352427
39.400000	24.413577	69.306991
39.000000	24.409750	69.310529
38.600000	24.408834	69.331385
38.200000	24.408932	69.307512
37.800000	24.414855	69.292691
37.450000	24.409664	69.299020
37.150000	24.403155	69.301128
36.800000	24.405903	69.336465
36.450000	24.409396	69.297946
36.150000	24.410014	69.309033
35.850000	24.409809	69.315266
35.600000	24.411396	69.281572
35.350000	24.409023	69.310704
35.050000	24.408853	69.291583
34.800000	24.404459	69.288043
34.550000	24.403232	69.323250
34.300000	24.412988	69.306273
34.050000	24.407823	69.280285
33.800000	24.402790	69.312313
33.600000	24.407809	69.288874
33.400000	24.407505	69.309968
33.200000	24.407339	69.313958
33.000000	24.410202	69.265947
32.800000	24.405656	69.306616
32.600000	24.409207	69.291553
32.400000	24.407363	69.276706
32.250000	24.401555	69.323181
32.100000	24.402377	69.296836
31.900000	24.415477	69.274263
31.750000	24.420721	69.283552
31.600000	24.404061	69.271005
31.450000	24.410403	69.288050
31.350000	24.413457	69.289857
31.200000	24.405537	69.295083
31.050000	24.403285	69.315574
30.950000	24.411449	69.270942
30.800000	24.410883	69.279636
30.650000	24.411554	69.289266
30.550000	24.408524	69.272541
30.450000	24.411491	69.282314
30.350000	24.415352	69.269154
30.250000	24.415194	69.274309
30.150000	24.413323	69.284046
30.050000	24.406261	69.283276
29.950000	24.418537	69.285689
29.850000	24.414506	69.299043
29.750000	24.409294	69.271486
29.650000	24.411511	69.288905
29.700000	24.418899	69.283212
29.900000	24.417390	69.268423
30.000000	24.414956	69.299471
30.000000	24.406976	69.301866
29.950000	24.411982	69.301397
29.850000	24.420156	69.298408
29.750000	24.412221	69.281089
29.650000	24.413021	69.287984
29.550000	24.421907	69.283387
29.500000	24.414724	69.291174
29.450000	24.415463	69.289845
