0.413862
0.45954
0.504319
0.545915
0.581552
0.609791
0.631205
0.643587
0.646668
0.640307
0.625977
0.602559
0.571265
0.533414
0.491639
0.447431
0.4028
0.358663
0.317846
0.281619
0.252249
0.230242
0.216999
0.213221
0.218872
0.234235
0.258176
0.2893
0.326553
0.368688
0.41394
0.459952
0.504758
0.547136
0.583953
0.613571
0.634665
0.647814
0.651354
0.644991
0.629335
0.605878
0.574246
0.535745
0.492381
0.44693
0.400934
0.356293
0.315133
0.279167
0.249636
0.227841
0.214753
0.21144
0.217664
0.233075
0.257039
0.28873
0.326697
0.368802
0.412405
0.457736
0.502047
0.542983
0.578432
0.608127
0.629401
0.641846
0.644535
0.638641
0.623389
0.599864
0.569103
0.532808
0.491443
0.44708
0.402102
0.358262
0.317283
0.281301
0.252311
0.230766
0.217436
0.21356
0.218785
0.233751
0.257232
0.288091
0.325194
0.36748
0.412817
0.458449
0.502879
0.544392
0.581431
0.611652
0.633794
0.648037
0.652092
0.646187
0.630356
0.606075
0.5743
0.535755
0.493035
0.448052
0.401882
0.356903
0.315177
0.278405
0.248798
0.227025
0.214327
0.211114
0.217805
0.233603
0.2577
0.289121
0.327502
0.370149
0.414802


